HydA_121_20100322113458, 5, 9, 13, 17, 3, 7, 11, 15, 2, 6, 10, 14, 0, 4, 8, 12	
HydA_121_20100322120954,6, 9, 12, 15, 4, 7, 10, 13, 2, 5, 8, 11, 0, 3, 6, 9	
HydA_121_20100322124450,6, 8, 9, 11, 4, 6, 7, 9, 2, 4, 5, 7, 0, 2, 3, 5	
HydA_121_20100322131946,6, 6, 7, 7, 4, 4, 5, 5, 2, 2, 3, 3, 0, 0, 0, 1	
HydA_121_20100322135442,9, 8, 7, 6, 7, 6, 5, 4, 5, 4, 3, 2, 3, 2, 1, 0	
HydA_121_20100322142938,12, 10, 8, 6, 10, 8, 6, 4, 8, 6, 4, 2, 6, 4, 2, 0	
HydA_121_20100322150434,16, 12, 9, 6, 14, 11, 7, 4, 12, 9, 5, 2, 10, 7, 4, 0	
HydA_121_20100322153930,18, 14, 9, 5, 16, 12, 8, 3, 15, 10, 6, 2, 13, 9, 5, 0	
HydA_121_20100326113458,5, 9, 12, 16, 3, 7, 10, 14, 2, 5, 9, 12, 0, 3, 7, 10	
HydA_121_20100326120954,6, 8, 11, 13, 4, 6, 9, 11, 2, 4, 7, 9, 0, 2, 5, 7	
HydA_121_20100326124450,6, 7, 8, 9, 4, 5, 6, 7, 2, 3, 4, 5, 0, 1, 2, 3	
HydA_121_20100326131946,6, 6, 6, 6, 4, 4, 4, 4, 2, 2, 2, 2, 0, 0, 0, 0	
HydA_121_20100326134242,9, 8, 7, 6, 7, 6, 5, 4, 5, 4, 3, 2, 3, 2, 1, 0	
HydA_121_20100328113458,6, 9, 12, 16, 4, 7, 11, 14, 2, 5, 9, 12, 0, 4, 7, 10	
HydA_121_20100328120954,6, 8, 10, 12, 4, 6, 8, 10, 2, 4, 6, 8, 0, 2, 4, 6	
HydA_121_20100328124450,6, 7, 8, 9, 4, 5, 6, 7, 2, 3, 4, 5, 0, 1, 2, 3	
HydA_145_20100321113458,5, 9, 13, 17, 3, 7, 11, 16, 1, 6, 10, 14, 0, 4, 8, 12	
HydA_145_20100321120954,6, 9, 12, 15, 4, 7, 10, 13, 2, 5, 8, 11, 0, 3, 6, 9	
HydA_145_20100321124450,6, 8, 10, 12, 4, 6, 8, 10, 2, 4, 6, 8, 0, 2, 4, 6	
HydA_145_20100321131946,6, 7, 7, 8, 4, 5, 5, 6, 2, 3, 3, 4, 0, 1, 1, 2	
HydA_145_20100321135442,8, 7, 7, 6, 6, 5, 5, 4, 4, 3, 3, 2, 2, 1, 0, 0	
HydA_145_20100321142938,12, 10, 8, 6, 10, 8, 6, 4, 8, 6, 4, 2, 6, 4, 2, 0	
HydA_145_20100321150434,15, 12, 9, 6, 13, 10, 7, 4, 11, 8, 5, 2, 9, 6, 3, 0	
HydA_145_20100321153930,18, 13, 9, 5, 16, 12, 8, 3, 14, 10, 6, 2, 13, 9, 4, 0	
HydA_145_20100325113458,5, 9, 12, 16, 3, 7, 11, 14, 2, 5, 9, 13, 0, 4, 7, 11	
HydA_145_20100325120954,6, 8, 11, 13, 4, 6, 9, 11, 2, 4, 7, 9, 0, 2, 5, 7	
HydA_145_20100325124450,6, 8, 9, 10, 4, 6, 7, 8, 2, 3, 5, 6, 0, 1, 3, 4	
HydA_145_20100325131946,6, 6, 6, 6, 4, 4, 4, 4, 2, 2, 2, 2, 0, 0, 0, 0	
HydA_145_20100325135442,10, 8, 7, 6, 8, 6, 5, 4, 5, 4, 3, 2, 3, 2, 1, 0	
HydA_145_20100325142938,13, 11, 8, 6, 11, 9, 6, 4, 9, 7, 4, 2, 7, 5, 2, 0	
HydA_145_20100325150434,16, 12, 9, 5, 14, 11, 7, 3, 13, 9, 5, 2, 11, 7, 4, 0	
HydA_145_20100325153930,19, 14, 9, 5, 17, 13, 8, 3, 16, 11, 6, 2, 14, 10, 5, 0	
HydA_145_20100326134741,9, 8, 7, 6, 7, 6, 5, 4, 5, 4, 3, 2, 3, 2, 1, 0	
HydA_145_20100326142234,13, 11, 8, 6, 11, 9, 6, 4, 9, 7, 4, 2, 7, 5, 2, 0	
HydA_145_20100326145730,16, 13, 9, 6, 14, 11, 7, 4, 13, 9, 6, 2, 11, 7, 4, 0	
HydA_145_20100326153226,18, 13, 9, 4, 17, 12, 7, 3, 15, 10, 6, 1, 14, 9, 4, 0	
HydA_145_20100326155522,20, 14, 9, 4, 18, 13, 8, 3, 17, 12, 7, 1, 16, 11, 5, 0	
HydA_145_20100329113458,6, 9, 12, 15, 4, 7, 10, 13, 2, 5, 8, 11, 0, 3, 6, 9	
HydA_145_20100329120954,6, 8, 10, 12, 4, 6, 8, 10, 2, 4, 6, 8, 0, 2, 4, 6	
HydA_145_20100329124450,6, 7, 8, 8, 4, 5, 5, 6, 2, 3, 3, 4, 0, 1, 1, 2	
HydA_145_20100329131946,8, 7, 7, 6, 6, 5, 5, 4, 4, 3, 3, 2, 2, 1, 1, 0	
HydA_145_20100329134242,10, 9, 7, 6, 8, 7, 5, 4, 6, 5, 3, 2, 4, 3, 1, 0	
HydA_145_20100329141739,14, 11, 9, 6, 12, 9, 7, 4, 10, 7, 5, 2, 8, 5, 3, 0	
HydA_145_20100329145234,17, 13, 9, 6, 15, 11, 8, 4, 13, 10, 6, 2, 12, 8, 4, 0	
HydA_145_20100329152730,19, 14, 9, 4, 17, 13, 8, 3, 16, 11, 6, 1, 15, 10, 5, 0	
HydA_145_20100329155026,20, 15, 9, 4, 19, 14, 8, 3, 18, 12, 7, 1, 17, 11, 6, 0	
HydA_97_20100324113522,5, 9, 13, 17, 4, 7, 11, 15, 2, 6, 9, 13, 0, 4, 8, 11	
HydA_97_20100324121018,6, 9, 11, 14, 4, 7, 9, 12, 2, 5, 7, 10, 0, 3, 5, 8	
HydA_97_20100324124514,6, 7, 9, 10, 4, 5, 7, 8, 2, 3, 5, 6, 0, 1, 3, 4	
HydA_97_20100324132010,6, 6, 6, 6, 4, 4, 4, 4, 2, 2, 2, 2, 0, 0, 0, 0	
HydA_97_20100324135507,9, 8, 7, 6, 7, 6, 5, 4, 5, 4, 3, 2, 3, 2, 1, 0	
HydA_97_20100324143002,13, 11, 8, 6, 11, 9, 6, 4, 9, 7, 4, 2, 7, 5, 2, 0	
HydA_97_20100324150458,16, 13, 9, 6, 14, 11, 7, 4, 13, 9, 6, 2, 11, 7, 4, 0	
HydA_97_20100324153954,18, 13, 9, 4, 17, 12, 7, 3, 15, 10, 6, 1, 14, 9, 4, 0	
HydA_97_20100328124946,6, 7, 8, 8, 4, 5, 5, 6, 2, 3, 3, 4, 0, 1, 1, 2	
HydA_97_20100328132442,8, 8, 7, 6, 6, 5, 5, 4, 4, 3, 3, 2, 2, 1, 1, 0	
HydA_97_20100328134738,10, 9, 7, 6, 8, 7, 5, 4, 6, 5, 3, 2, 4, 3, 1, 0	
HydA_97_20100328142235,14, 11, 9, 6, 12, 9, 7, 4, 10, 7, 5, 2, 8, 5, 3, 0	
HydA_97_20100328145730,17, 13, 9, 5, 15, 11, 7, 4, 13, 10, 6, 2, 12, 8, 4, 0	
HydA_97_20100328153226,19, 14, 9, 4, 18, 13, 8, 3, 16, 11, 6, 2, 15, 10, 5, 0	
HydA_97_20100328155522,20, 14, 9, 3, 19, 13, 8, 2, 17, 12, 6, 1, 16, 11, 5, 0	
